0 00001000001000010000000000000001
1 11111100000000000000000000000000
2 11111100000000000000000000000000
3 11111100000000000000000000000000
4 00000100001000010000000000000000
5 11111100000000000000000000000000
6 11111100000000000000000000000000
7 11111100000000000000000000000000
8 00000000001000010001000000000000
9 11111100000000000000000000000000
10 11111100000000000000000000000000
11 11111100000000000000000000000000
12 00000000010000010001100000000000
13 11111100000000000000000000000000
14 11111100000000000000000000000000
15 11111100000000000000000000000000
16 00010000011000110000000000000000
17 11111100000000000000000000000000
18 11111100000000000000000000000000
19 11111100000000000000000000000000
20 00001100011010000000000000000000
21 11111100000000000000000000000000
22 11111100000000000000000000000000
23 11111100000000000000000000000000
24 00000000010010000100000000000000
25 11111100000000000000000000000000
26 11111100000000000000000000000000
27 11111100000000000000000000000000
28 00010000011010000000000000000101
29 11111100000000000000000000000000
30 11111100000000000000000000000000
31 11111100000000000000000000000000
32 00011100000000000000000000000100
33 11111100000000000000000000000000
34 11111100000000000000000000000000
35 11111100000000000000000000000000
36 00011011101000000000000000000000
37 11111100000000000000000000000000
38 11111100000000000000000000000000
39 11111100000000000000000000000000
40 00100011111111111111111111111000
41 11111100000000000000000000000000
42 11111100000000000000000000000000
43 11111100000000000000000000000000
44 00010100000000011111111111010000
45 11111100000000000000000000000000
46 11111100000000000000000000000000
47 11111100000000000000000000000000
48 11111100000000000000000000000000
49 11111100000000000000000000000000
50 11111100000000000000000000000000
51 11111100000000000000000000000000
52 11111100000000000000000000000000
53 11111100000000000000000000000000
54 11111100000000000000000000000000
55 11111100000000000000000000000000
56 11111100000000000000000000000000
57 11111100000000000000000000000000
58 11111100000000000000000000000000
59 11111100000000000000000000000000
60 11111100000000000000000000000000
61 11111100000000000000000000000000
62 11111100000000000000000000000000
63 11111100000000000000000000000000
64 11111100000000000000000000000000
65 11111100000000000000000000000000
66 11111100000000000000000000000000
67 11111100000000000000000000000000
68 11111100000000000000000000000000
69 11111100000000000000000000000000
70 11111100000000000000000000000000
71 11111100000000000000000000000000
72 11111100000000000000000000000000
73 11111100000000000000000000000000
74 11111100000000000000000000000000
75 11111100000000000000000000000000
76 11111100000000000000000000000000
77 11111100000000000000000000000000
78 11111100000000000000000000000000
79 11111100000000000000000000000000
80 11111100000000000000000000000000
81 11111100000000000000000000000000
82 11111100000000000000000000000000
83 11111100000000000000000000000000
84 11111100000000000000000000000000
85 11111100000000000000000000000000
86 11111100000000000000000000000000
87 11111100000000000000000000000000
88 11111100000000000000000000000000
89 11111100000000000000000000000000
90 11111100000000000000000000000000
91 11111100000000000000000000000000
92 11111100000000000000000000000000
93 11111100000000000000000000000000
94 11111100000000000000000000000000
95 11111100000000000000000000000000
96 11111100000000000000000000000000
97 11111100000000000000000000000000
98 11111100000000000000000000000000
99 11111100000000000000000000000000
100 11111100000000000000000000000000
101 11111100000000000000000000000000
102 11111100000000000000000000000000
103 11111100000000000000000000000000
104 11111100000000000000000000000000
105 11111100000000000000000000000000
106 11111100000000000000000000000000
107 11111100000000000000000000000000
108 11111100000000000000000000000000
109 11111100000000000000000000000000
110 11111100000000000000000000000000
111 11111100000000000000000000000000
112 11111100000000000000000000000000
113 11111100000000000000000000000000
114 11111100000000000000000000000000
115 11111100000000000000000000000000
116 11111100000000000000000000000000
117 11111100000000000000000000000000
118 11111100000000000000000000000000
119 11111100000000000000000000000000
120 11111100000000000000000000000000
121 11111100000000000000000000000000
122 11111100000000000000000000000000
123 11111100000000000000000000000000
124 11111100000000000000000000000000
125 11111100000000000000000000000000
126 11111100000000000000000000000000
127 11111100000000000000000000000000
128 11111100000000000000000000000000
129 11111100000000000000000000000000
130 11111100000000000000000000000000
131 11111100000000000000000000000000
132 11111100000000000000000000000000
133 11111100000000000000000000000000
134 11111100000000000000000000000000
135 11111100000000000000000000000000
136 11111100000000000000000000000000
137 11111100000000000000000000000000
138 11111100000000000000000000000000
139 11111100000000000000000000000000
140 11111100000000000000000000000000
141 11111100000000000000000000000000
142 11111100000000000000000000000000
143 11111100000000000000000000000000
144 11111100000000000000000000000000
145 11111100000000000000000000000000
146 11111100000000000000000000000000
147 11111100000000000000000000000000
148 11111100000000000000000000000000
149 11111100000000000000000000000000
150 11111100000000000000000000000000
151 11111100000000000000000000000000
152 11111100000000000000000000000000
153 11111100000000000000000000000000
154 11111100000000000000000000000000
155 11111100000000000000000000000000
156 11111100000000000000000000000000
157 11111100000000000000000000000000
158 11111100000000000000000000000000
159 11111100000000000000000000000000
160 11111100000000000000000000000000
161 11111100000000000000000000000000
162 11111100000000000000000000000000
163 11111100000000000000000000000000
164 11111100000000000000000000000000
165 11111100000000000000000000000000
166 11111100000000000000000000000000
167 11111100000000000000000000000000
168 11111100000000000000000000000000
169 11111100000000000000000000000000
170 11111100000000000000000000000000
171 11111100000000000000000000000000
172 11111100000000000000000000000000
173 11111100000000000000000000000000
174 11111100000000000000000000000000
175 11111100000000000000000000000000
176 11111100000000000000000000000000
177 11111100000000000000000000000000
178 11111100000000000000000000000000
179 11111100000000000000000000000000
180 11111100000000000000000000000000
181 11111100000000000000000000000000
182 11111100000000000000000000000000
183 11111100000000000000000000000000
184 11111100000000000000000000000000
185 11111100000000000000000000000000
186 11111100000000000000000000000000
187 11111100000000000000000000000000
188 11111100000000000000000000000000
189 11111100000000000000000000000000
190 11111100000000000000000000000000
191 11111100000000000000000000000000
192 11111100000000000000000000000000
193 11111100000000000000000000000000
194 11111100000000000000000000000000
195 11111100000000000000000000000000
196 11111100000000000000000000000000
197 11111100000000000000000000000000
198 11111100000000000000000000000000
199 11111100000000000000000000000000
200 11111100000000000000000000000000
201 11111100000000000000000000000000
202 11111100000000000000000000000000
203 11111100000000000000000000000000
204 11111100000000000000000000000000
205 11111100000000000000000000000000
206 11111100000000000000000000000000
207 11111100000000000000000000000000
208 11111100000000000000000000000000
209 11111100000000000000000000000000
210 11111100000000000000000000000000
211 11111100000000000000000000000000
212 11111100000000000000000000000000
213 11111100000000000000000000000000
214 11111100000000000000000000000000
215 11111100000000000000000000000000
216 11111100000000000000000000000000
217 11111100000000000000000000000000
218 11111100000000000000000000000000
219 11111100000000000000000000000000
220 11111100000000000000000000000000
221 11111100000000000000000000000000
222 11111100000000000000000000000000
223 11111100000000000000000000000000
224 11111100000000000000000000000000
225 11111100000000000000000000000000
226 11111100000000000000000000000000
227 11111100000000000000000000000000
228 11111100000000000000000000000000
229 11111100000000000000000000000000
230 11111100000000000000000000000000
231 11111100000000000000000000000000
232 11111100000000000000000000000000
233 11111100000000000000000000000000
234 11111100000000000000000000000000
235 11111100000000000000000000000000
236 11111100000000000000000000000000
237 11111100000000000000000000000000
238 11111100000000000000000000000000
239 11111100000000000000000000000000
240 11111100000000000000000000000000
241 11111100000000000000000000000000
242 11111100000000000000000000000000
243 11111100000000000000000000000000
244 11111100000000000000000000000000
245 11111100000000000000000000000000
246 11111100000000000000000000000000
247 11111100000000000000000000000000
248 11111100000000000000000000000000
249 11111100000000000000000000000000
250 11111100000000000000000000000000
251 11111100000000000000000000000000
252 11111100000000000000000000000000
253 11111100000000000000000000000000
254 11111100000000000000000000000000
255 11111100000000000000000000000000
